2 0.09176470588235294 0.0890909090909091 0.04941176470588235 0.09636363636363636
2 0.16117647058823528 0.09045454545454545 0.058823529411764705 0.09909090909090909
2 0.23352941176470587 0.08954545454545454 0.05764705882352941 0.09909090909090909
2 0.5394117647058824 0.08954545454545454 0.052941176470588235 0.09727272727272727
2 0.61 0.09318181818181819 0.05764705882352941 0.09181818181818181
2 0.6823529411764706 0.09 0.058823529411764705 0.0890909090909091
2 0.7535294117647059 0.09090909090909091 0.05764705882352941 0.09090909090909091
2 0.8235294117647058 0.09454545454545454 0.05411764705882353 0.08545454545454545
2 0.9264705882352942 0.09090909090909091 0.06 0.09090909090909091
2 0.09058823529411765 0.21045454545454545 0.05176470588235294 0.1009090909090909
2 0.1635294117647059 0.2081818181818182 0.058823529411764705 0.10363636363636364
2 0.23470588235294118 0.2018181818181818 0.05529411764705883 0.09818181818181818
2 0.5411764705882353 0.2 0.05647058823529412 0.09818181818181818
2 0.6111764705882353 0.19727272727272727 0.05764705882352941 0.0890909090909091
2 0.6852941176470588 0.20318181818181819 0.06 0.09727272727272727
2 0.7535294117647059 0.2009090909090909 0.06 0.09636363636363636
2 0.8235294117647058 0.19954545454545455 0.058823529411764705 0.09363636363636364
2 0.9270588235294117 0.1990909090909091 0.0611764705882353 0.09272727272727273
2 0.09529411764705882 0.46136363636363636 0.058823529411764705 0.10272727272727272
2 0.17058823529411765 0.4581818181818182 0.058823529411764705 0.10181818181818182
2 0.24 0.4572727272727273 0.058823529411764705 0.10181818181818182
2 0.5464705882352942 0.4581818181818182 0.05529411764705883 0.09818181818181818
2 0.6164705882352941 0.45681818181818185 0.05411764705882353 0.09545454545454546
2 0.6864705882352942 0.45636363636363636 0.05764705882352941 0.09454545454545454
2 0.7588235294117647 0.45681818181818185 0.05411764705882353 0.09181818181818181
2 0.8305882352941176 0.45454545454545453 0.058823529411764705 0.09454545454545454
2 0.9323529411764706 0.45227272727272727 0.05764705882352941 0.09181818181818181
2 0.10235294117647059 0.5813636363636364 0.047058823529411764 0.10272727272727272
2 0.1711764705882353 0.5822727272727273 0.06470588235294118 0.10454545454545454
2 0.24411764705882352 0.5786363636363636 0.052941176470588235 0.10272727272727272
2 0.548235294117647 0.5686363636363636 0.058823529411764705 0.09727272727272727
2 0.6188235294117647 0.5659090909090909 0.05411764705882353 0.09727272727272727
2 0.6888235294117647 0.5681818181818182 0.05764705882352941 0.1
2 0.7605882352941177 0.5686363636363636 0.05764705882352941 0.1009090909090909
2 0.8294117647058824 0.5622727272727273 0.05411764705882353 0.09181818181818181
2 0.9341176470588235 0.5613636363636364 0.05647058823529412 0.09909090909090909
2 0.10941176470588235 0.8286363636363636 0.047058823529411764 0.10454545454545454
2 0.18 0.8240909090909091 0.06352941176470588 0.1009090909090909
2 0.2541176470588235 0.8231818181818182 0.06352941176470588 0.10818181818181818
2 0.5541176470588235 0.8181818181818182 0.05411764705882353 0.1
2 0.6252941176470588 0.8154545454545454 0.05529411764705883 0.09454545454545454
2 0.6970588235294117 0.8140909090909091 0.05529411764705883 0.09545454545454546
2 0.7664705882352941 0.8104545454545454 0.05058823529411765 0.09363636363636364
2 0.8329411764705882 0.8127272727272727 0.058823529411764705 0.09454545454545454
2 0.9364705882352942 0.8072727272727273 0.05647058823529412 0.09454545454545454
2 0.11294117647058824 0.94 0.04470588235294118 0.09090909090909091
2 0.18470588235294116 0.9372727272727273 0.06352941176470588 0.09090909090909091
2 0.2570588235294118 0.9318181818181818 0.06 0.09090909090909091
2 0.5594117647058824 0.9281818181818182 0.04823529411764706 0.09090909090909091
2 0.6241176470588236 0.9218181818181819 0.05764705882352941 0.09090909090909091
2 0.6958823529411765 0.9172727272727272 0.06 0.09090909090909091
2 0.7652941176470588 0.9163636363636364 0.05529411764705883 0.09090909090909091
2 0.8347058823529412 0.9136363636363637 0.05764705882352941 0.09090909090909091
2 0.9394117647058824 0.9118181818181819 0.052941176470588235 0.09090909090909091
