2 0.05058823529411765 0.08611111111111111 0.05411764705882353 0.10555555555555556
2 0.11941176470588236 0.08472222222222223 0.05764705882352941 0.10092592592592593
2 0.1864705882352941 0.08657407407407407 0.05529411764705883 0.10092592592592593
2 0.4894117647058824 0.08796296296296297 0.04941176470588235 0.09444444444444444
2 0.5529411764705883 0.08703703703703704 0.05176470588235294 0.0962962962962963
2 0.6217647058823529 0.08518518518518518 0.05529411764705883 0.1
2 0.6888235294117647 0.08333333333333333 0.05529411764705883 0.0962962962962963
2 0.7576470588235295 0.08518518518518518 0.05647058823529412 0.0962962962962963
2 0.86 0.08657407407407407 0.05411764705882353 0.09351851851851851
2 0.05411764705882353 0.2074074074074074 0.047058823529411764 0.1037037037037037
2 0.11823529411764706 0.20462962962962963 0.05764705882352941 0.1037037037037037
2 0.18941176470588236 0.19814814814814816 0.05176470588235294 0.1
2 0.4888235294117647 0.1935185185185185 0.04823529411764706 0.09814814814814815
2 0.5552941176470588 0.19305555555555556 0.058823529411764705 0.09722222222222222
2 0.6247058823529412 0.19305555555555556 0.05176470588235294 0.09907407407407408
2 0.6947058823529412 0.1925925925925926 0.052941176470588235 0.09814814814814815
2 0.7629411764705882 0.1884259259259259 0.05764705882352941 0.09166666666666666
2 0.8658823529411764 0.19212962962962962 0.06352941176470588 0.09907407407407408
2 0.05647058823529412 0.45185185185185184 0.058823529411764705 0.10740740740740741
2 0.12823529411764706 0.44907407407407407 0.05647058823529412 0.10555555555555556
2 0.19941176470588234 0.4462962962962963 0.052941176470588235 0.10185185185185185
2 0.49823529411764705 0.44675925925925924 0.05764705882352941 0.10462962962962963
2 0.5682352941176471 0.4439814814814815 0.05411764705882353 0.10092592592592593
2 0.6358823529411765 0.4449074074074074 0.052941176470588235 0.09537037037037037
2 0.7070588235294117 0.4439814814814815 0.0611764705882353 0.10092592592592593
2 0.7758823529411765 0.4439814814814815 0.06 0.09537037037037037
2 0.8770588235294118 0.44166666666666665 0.06 0.09814814814814815
2 0.060588235294117644 0.5662037037037037 0.05529411764705883 0.09907407407407408
2 0.1323529411764706 0.5643518518518519 0.05764705882352941 0.10277777777777777
2 0.2011764705882353 0.5625 0.047058823529411764 0.10092592592592593
2 0.5005882352941177 0.5564814814814815 0.05764705882352941 0.0962962962962963
2 0.5688235294117647 0.5546296296296296 0.06 0.09814814814814815
2 0.6405882352941177 0.5504629629629629 0.05764705882352941 0.09907407407407408
2 0.71 0.5518518518518518 0.05529411764705883 0.10185185185185185
2 0.7776470588235294 0.5486111111111112 0.0611764705882353 0.09722222222222222
2 0.8811764705882353 0.5467592592592593 0.0611764705882353 0.09722222222222222
2 0.0711764705882353 0.8217592592592593 0.04352941176470588 0.09537037037037037
2 0.13823529411764707 0.8203703703703704 0.06470588235294118 0.09814814814814815
2 0.21176470588235294 0.8212962962962963 0.05647058823529412 0.0962962962962963
2 0.5152941176470588 0.8092592592592592 0.04941176470588235 0.1037037037037037
2 0.5776470588235294 0.8097222222222222 0.05411764705882353 0.10277777777777777
2 0.6470588235294118 0.8083333333333333 0.05647058823529412 0.1
2 0.7164705882352941 0.8064814814814815 0.0611764705882353 0.10185185185185185
2 0.7858823529411765 0.8055555555555556 0.05411764705882353 0.1
2 0.8829411764705882 0.8013888888888889 0.05529411764705883 0.09907407407407408
2 0.07176470588235294 0.9273148148148148 0.04470588235294118 0.08611111111111111
2 0.1388235294117647 0.9259259259259259 0.058823529411764705 0.08703703703703704
2 0.21294117647058824 0.9259259259259259 0.05647058823529412 0.08888888888888889
2 0.5135294117647059 0.9199074074074074 0.05058823529411765 0.09907407407407408
2 0.5811764705882353 0.9185185185185185 0.05176470588235294 0.1037037037037037
2 0.65 0.9162037037037037 0.05764705882352941 0.09907407407407408
2 0.7182352941176471 0.9125 0.05764705882352941 0.08796296296296297
2 0.788235294117647 0.9097222222222222 0.05411764705882353 0.09166666666666666
2 0.8876470588235295 0.9060185185185186 0.04823529411764706 0.08981481481481482
