2 0.07705882352941176 0.0945 0.05058823529411765 0.113
2 0.14588235294117646 0.0925 0.05411764705882353 0.109
2 0.21823529411764706 0.095 0.05529411764705883 0.104
2 0.5229411764705882 0.098 0.05058823529411765 0.102
2 0.5935294117647059 0.101 0.05529411764705883 0.102
2 0.6647058823529411 0.1015 0.04941176470588235 0.099
2 0.7341176470588235 0.099 0.05176470588235294 0.102
2 0.8047058823529412 0.0995 0.05411764705882353 0.095
2 0.9094117647058824 0.1015 0.047058823529411764 0.099
2 0.07647058823529412 0.368 0.05411764705882353 0.118
2 0.1511764705882353 0.3675 0.052941176470588235 0.111
2 0.2211764705882353 0.3675 0.05176470588235294 0.113
2 0.5211764705882352 0.373 0.06352941176470588 0.104
2 0.5970588235294118 0.3705 0.052941176470588235 0.101
2 0.6694117647058824 0.3705 0.05176470588235294 0.101
2 0.7388235294117647 0.369 0.05647058823529412 0.102
2 0.8094117647058824 0.37 0.05647058823529412 0.098
2 0.908235294117647 0.3685 0.05647058823529412 0.097
2 0.07882352941176471 0.5065 0.05176470588235294 0.113
2 0.15058823529411763 0.505 0.05647058823529412 0.122
2 0.21941176470588236 0.5005 0.05529411764705883 0.113
2 0.5258823529411765 0.4945 0.05176470588235294 0.113
2 0.5988235294117648 0.4905 0.05647058823529412 0.109
2 0.6670588235294118 0.489 0.05647058823529412 0.1
2 0.7394117647058823 0.4885 0.05529411764705883 0.105
2 0.8094117647058824 0.488 0.05647058823529412 0.106
2 0.9147058823529411 0.4865 0.05764705882352941 0.103
2 0.08176470588235295 0.781 0.06 0.11
2 0.15529411764705883 0.78 0.058823529411764705 0.116
2 0.22588235294117648 0.7785 0.058823529411764705 0.115
2 0.5288235294117647 0.775 0.05529411764705883 0.106
2 0.6041176470588235 0.7725 0.05529411764705883 0.101
2 0.6717647058823529 0.7735 0.05647058823529412 0.101
2 0.7429411764705882 0.772 0.06 0.104
2 0.8105882352941176 0.769 0.05647058823529412 0.102
2 0.9176470588235294 0.7675 0.058823529411764705 0.097
2 0.08411764705882353 0.9065 0.052941176470588235 0.109
2 0.15705882352941178 0.9035 0.05764705882352941 0.107
2 0.23058823529411765 0.904 0.05411764705882353 0.104
2 0.5323529411764706 0.8955 0.05529411764705883 0.103
2 0.6005882352941176 0.89 0.05058823529411765 0.106
2 0.6741176470588235 0.8915 0.05647058823529412 0.107
2 0.7452941176470588 0.89 0.052941176470588235 0.106
2 0.8152941176470588 0.8835 0.05411764705882353 0.097
2 0.9170588235294118 0.878 0.05529411764705883 0.102
